FINAL_PARAMETERS = np.array([
    8, 8, 8, 8, 8, 8, 8, 8, 8, 8, 8, 8,
    8, 8, 8, 8, 8, 8, 8, 8, 8, 8, 8, 8,
    7.61722473, 8, 8, 7.15012409, 7.13035446, 7.28150568, 7.05481233, 7.01284343,
    6.03618893, 5.65930189, 5.25973473, 5.42884294, 5.70837556, 4.34931513, 4.08031433, 3.77154924,
    3.97284412, 3.19551698, 3.84706762, 2.87007739, 2.6051482, 3.30981182, 2.48654471, 1.58624323,
    0.43604423, 1.58228282, 1.61901089, 1.64877403, 1.32884313, 0.20761352, 0.35015352, 1.79662236,
    1.53864407, 0.66675978, -0.81190193, -0.89666845, 0.75307424, 0.69565405, -0.31614019, -0.71173202,
    -0.09031953, 0.5942629, 0.86410944, 0.51041575, -0.37324764, -0.26461599, -0.22303369, 0.57406635,
    1.60814363, 1.6465984, 1.2783256, 1.58787588, 0.47968965, 0.14519836, 1.67400531, 1.87038509,
    1.68976327, 2.10630437, 2.18942169, 1.68427693, 2.61159037, 2.6765302, 3.02271604, 2.80814316,
    2.81205414, 2.23836732, 3.63169119, 3.05323522, 3.38069699, 3.87437199, 4.12676747, 4.05052522,
    4.35699329, 4.35016011, 4.5, 4.5
])